0S,0C
440006 108
1069 1
1069 1
1069 1
1069 1
1069 1
1069 1
1069 1
1069 1
4365 1
1069 1
4365 1
4353 1
4375 1
1069 1
2273 1
2132 1
2122 1
2107 1
2117 1
2295 1
2569 1
2571 1
2592 1
2303 1
2611 1
2205 1
2107 1
2367 1
2147 1
2171 1
2220 1
2257 1
2382 1
2382 1
1870 1
1708 1
2235 1
21696 1
21843 1
21681 1
21870 1
21884 1
21686 1
21691 1
21900 1
21651 1
21716 1
21809 1
21701 1
21661 1
21853 1
21862 1
21686 1
21716 1
21691 1
21671 1
21706 1
21691 1
21691 1
21701 1
21671 1
21666 1
21691 1
21838 1
21921 1
21701 1
21696 1
21731 1
21686 1
21686 1
21878 1
2132 1
2459 1
2525 1
2378 1
2383 1
2448 1
2473 1
2539 1
2353 1
2389 1
2388 1
2363 1
2383 1
2353 1
2590 1
2519 1
2378 1
2368 1
2353 1
2363 1
2549 1
2451 1
2353 1
2393 1
2541 1
2481 1
2378 1
2466 1
8727 1
2417 1
2503 1
4794 1
2117 1
2302 1
2097 1
2229 1
2168 1
2201 1
2132 1
2118 1
4532 1
4544 1
4543 1
4532 1
4556 1
2229 1
2258 1
2123 1
2179 1
2062 1
2245 1
2077 1
2514 1
2087 1
1938 1
1938 1
1938 1
1938 1
1938 1
1938 1
1938 1
1938 1
4543 1
4559 1
4544 1
2067 1
2298 1
-1342103 -185
2503 1
2497 1
2451 1
2568 1
2519 1
2527 1
-15065 -6
2331 1
2289 1
2268 1
2348 1
2310 1
2433 1
2267 1
2320 1
2260 1
2246 1
2275 1
2352 1
2290 1
2226 1
8951 1
4621 1
-45787 -16
21879 1
21906 1
21920 1
22231 1
21784 1
22256 1
22216 1
-154192 -7
2116 1
2111 1
2131 1
2106 1
2151 1
2131 1
16158 1
16168 1
3441 1
54085 1
54099 1
4385 1
3391 1
-164473 -13
54530 1
54544 1
4391 1
3429 1
16899 1
-116894 -4
2669 1
2683 1
-5352 -2
44916 1
44467 1
3437 1
44452 1
44522 1
44467 1
44447 1
44457 1
44452 1
44447 1
44452 1
44502 1
44457 1
44492 1
44472 1
44442 1
44467 1
44467 1
44462 1
44457 1
44467 1
44452 1
44462 1
44462 1
44452 1
44512 1
44447 1
44467 1
44457 1
44447 1
44457 1
44457 1
44482 1
44467 1
44447 1
44472 1
44452 1
44462 1
44462 1
44492 1
44487 1
44487 1
44442 1
44512 1
44457 1
44482 1
44482 1
44452 1
44482 1
44502 1
44487 1
44467 1
44467 1
44477 1
44492 1
1782 1
3160 1
1774 1
3436 1
-2411780 -57
2351 1
1821 1
3446 1
19804 1
-25601 -3
1749 1
1893 1
1816 1
1772 1
2093 1
1912 1
1783 1
2393 1
1868 1
1858 1
1435 1
1435 1
3410 1
2274 1
2327 1
-6994 -3
17459 1
3446 1
20587 1
1840 1
17213 1
46918 1
3778 1
109265 1
46742 1
4225 1
1853 1
1471 1
11276 1
11267 1
11268 1
11140 1
11180 1
11130 1
11160 1
11150 1
11135 1
11195 1
11140 1
11150 1
11170 1
11195 1
1782 1
3579 1
11062 1
24481 1
24458 1
24472 1
19369 1
19350 1
19586 1
19363 1
19253 1
19238 1
19233 1
19258 1
19228 1
19238 1
19238 1
19253 1
19243 1
19258 1
19223 1
19268 1
19228 1
19243 1
19213 1
19228 1
19228 1
19233 1
19238 1
19278 1
19233 1
19233 1
19288 1
19258 1
19263 1
19243 1
19248 1
19233 1
19233 1
19273 1
19253 1
19243 1
19228 1
19253 1
19238 1
19243 1
19223 1
19223 1
19238 1
19233 1
19223 1
19233 1
19228 1
19258 1
19263 1
19223 1
19263 1
19238 1
19238 1
19263 1
19238 1
19248 1
19258 1
19233 1
19233 1
19238 1
19223 1
19228 1
19263 1
19233 1
19283 1
19248 1
19218 1
19253 1
19258 1
19218 1
19258 1
19248 1
19218 1
19223 1
19248 1
19278 1
19248 1
19228 1
19243 1
19243 1
19238 1
19263 1
19263 1
19233 1
24253 1
19186 1
15769 1
15752 1
15760 1
15640 1
15665 1
15640 1
15650 1
15660 1
15635 1
15635 1
15640 1
15625 1
15630 1
15665 1
15635 1
15685 1
15650 1
15620 1
15655 1
15660 1
15620 1
15660 1
15650 1
15620 1
15625 1
15650 1
15680 1
15650 1
15630 1
15645 1
15645 1
15640 1
15660 1
15635 1
15665 1
15655 1
15645 1
15645 1
15670 1
15650 1
15660 1
15670 1
15635 1
15635 1
15655 1
15685 1
15630 1
15685 1
15625 1
15635 1
15660 1
15630 1
15665 1
15640 1
15650 1
15620 1
15645 1
15660 1
15620 1
15640 1
15660 1
15630 1
15665 1
15645 1
15665 1
15650 1
15695 1
15645 1
15640 1
15630 1
15630 1
15630 1
15635 1
15650 1
15675 1
15685 1
15655 1
15645 1
15630 1
15635 1
15655 1
15620 1
15635 1
15660 1
15635 1
15625 1
15655 1
15695 1
15690 1
15640 1
15625 1
15625 1
15635 1
15665 1
15630 1
15645 1
15650 1
15660 1
15650 1
15680 1
15645 1
15670 1
15635 1
15665 1
15635 1
15650 1
15635 1
15655 1
15640 1
15630 1
15635 1
15640 1
15645 1
15655 1
15685 1
15625 1
15665 1
15615 1
15645 1
15635 1
15620 1
15680 1
15625 1
15635 1
15655 1
15680 1
15675 1
15641 1
15601 1
15606 1
15601 1
15576 1
15606 1
15606 1
15576 1
15591 1
15596 1
15621 1
15586 1
15606 1
15606 1
15591 1
15571 1
15591 1
1783 1
3185 1
15645 1
15660 1
15635 1
15630 1
15660 1
15655 1
15640 1
15665 1
15665 1
15635 1
15630 1
15640 1
15625 1
15907 1
15768 1
15547 1
16684 1
16937 1
16822 1
16677 1
16866 1
52156 1
52571 1
52284 1
52545 1
52298 1
52150 1
52396 1
52569 1
52598 1
2896 1
2898 1
3210 1
2722 1
3034 1
17319 1
2600 1
2131 1
3266 1
2166 1
3201 1
2238 1
3592 1
2020 1
3684 1
2472 1
1759 1
4377 1
3566 1
3636 1
3339 1
1843 1
1746 1
2413 1
2063 1
2795 1
2081 1
2184 1
2155 1
2081 1
2038 1
5078 1
2085 1
3607 1
1717 1
1761 1
1983 1
2111 1
2029 1
2104 1
5112 1
2215 1
2074 1
2160 1
